[HIGHLIGHTING]
zoom=13
PointLon_0=30.4048215551761
PointLat_0=60.0939639596634
PointLon_1=30.5009519262698
PointLat_1=60.0939639596634
PointLon_2=30.5009519262698
PointLat_2=60.0336557697271
PointLon_3=30.4048215551761
PointLat_3=60.0336557697271

